[/usr/share/plasma/desktoptheme/default/dialogs/background.svgz]
10226832062520908756=151,48,6,6
1129566619566638956=38,48,6,6
11330026776030189168=47,0,16,16
11933045712131348521=63,0,32,16
12228392398462767390=6,48,32,6
1261705151456589894=119,47.9999785,32.00000800000001,6.000021500000003
13461487511017803635=151,10,6,6
13560164628970907466=95,16,16,32
13709565730784587892=0,10,6,6
14294349218271997547=38,10,6,6
1434237310146164775=113,16,6,32
15112768984597552892=151,16,6,32
1540490818910103715=95,0,16,16
15844350127802214331=47,16,16,32
16002763586162276797=40,30,4,4
16281132171722279154=38,16,6,32
16407024047314881429=0,30,9.9999999e-09,4
17033907713862620665=0,16,6,32
17068442369628136810=0,0,5,5
17343338722991309323=0,30,4,4
1738500352515354264=20,54,4,1.000000082740371e-08
2302591133573182617=20,50,4,4
2360162534172790378=76,0,2,10
2991091874749644829=0,48,6,6
3038420680588941969=6,10,32,6
3206213036960512631=119,16,32,32
3238650744427425916=113,10,6,6
3346228122038911834=20,10,4,1.000000082740371e-08
4347732662611019451=6,16,32,32
4464139153508978486=47,48,16,16
4546745050700615043=113,48,6,6
5034505319776759399=47,29,10,2
5137413457084886121=101,33,10,2
579972685116722524=44,30,1.000000082740371e-08,4
6043103552234536236=63,48,32,16
739550223712417304=76,54,2,10
7676879243117512544=20,10,4,4
9463678256130204922=119,10,31.999989999999997,6.000021
9874555420889170730=95,48,16,16
Invalidelements=3912324869,1659815699,4283668277,3562061545,3045451604,2174520339,1979719023,864377930,1573922086,3063320944,1868745652,2953216103,1013746433,3850940746,3661087347
LastModified=1723016298
NaturalSize=157,64

[/usr/share/plasma/desktoptheme/default/opaque/dialogs/background.svgz]
12430364672886973040=33,12,4,6.000024800000006
12828399445587202604=44.9999847,26,6.000015300000001,4
14718142384159324497=33,38,4,5.999975199999994
17438658188623978279=19,5.999944700000015,32,6.000030299999935
17640721579625640634=19,43.99996500000009,32,6.000030299999935
2719152449617545079=12.999969699999996,11.999940000000151,6.000030299999997,32
3785152957089670114=50.999985,12,6.000030299999999,32
6034939760987840286=0,0,5,5
7191186771221997992=19.000000200000002,26,6.000003799999998,4
Invalidelements=1963774153,483745313,3723153345,3975576203,2630675030,2892054722,2508178363,2963549653
LastModified=1723016298
NaturalSize=173,56

[/usr/share/plasma/desktoptheme/default/solid/dialogs/background.svgz]
10461830957942077155=113,16,6,32
11238734554779151113=119,16,32,32
11296919018677623897=20,50.000004,4,4
11389767455457688569=0,0,5,5
1219271092532001=43.999996,30,1.000000082740371e-08,4
12199117618934897177=-1.614502e-06,9.9999999,6,6
12434338039649683019=119,47.999982499999994,32.00000800000001,6.000021500000003
13552895861229719394=113,9.9999999,6,6.000000099999999
13947801588041024457=5.9999984,16,32,32
13998238943012164404=39.999996,30,4,4
14668142743132312863=0,30,9.9999999e-09,4
1515236208384735177=151,9.9999999,6,6.000000099999999
15167671961885823052=37.999998,48,6,6
15283855184102586914=0,30,4,4
15431626932351674743=5.9999984,9.9999999,32,6
1653232091024409986=-1.614502e-06,16,6,32
1687680883645380019=37.999998,9.9999999,6,6
17865564748714560489=20,10,4,9.99999905104687e-09
4458785442633707240=20,10,4,4
5776545844896744211=20,54.000004,4,1.000000082740371e-08
6963021237747916035=5.9999984,48,32,6
7202269974404468868=113,48,6,6
734317451213654738=151,48,6,6
7429435783350887726=151,16,6,32
7706391785859395067=119,10,31.999989999999997,6.000021
9336458148553386197=37.999998,16,6,32
Invalidelements=2551333562,2071459086,1611665821,574845974,3922238310,725076262,1986008494,2472852086,1026901921,3199819697,2432840497,2564783015,2470203400,1749918239,2933870149
LastModified=1723016298
NaturalSize=157,64

[/usr/share/plasma/desktoptheme/default/solid/widgets/panel-background.svgz]
10160037160047706989=113,48,6,6
10329534444380695442=20,50,4,4
1116588005843853155=63,48,32,16
11444448066385307766=63,0,32,16
1191647960427913104=0,16,6,32
12247111792938852409=0,48,6,6
12487328121506528953=47,0,16,16
13476284718771076522=119,10,31.999989999999997,6.000021
14287110330431652495=151,10,6,6
14349633400325715107=0,30,9.9999999e-09,4
14541762743931345505=0,30,4,4
14631144611039250042=6,48,32,6
15535629208706913894=38,16,6,32
16035693928530311401=119,47.9999785,32.00000800000001,6.000021500000003
16351637256010214794=47,48,16,16
16617318570892577835=47,16,16,32
16977320298150198825=0,10,6,6
17038189898238159429=101,29,10,2
17476593480533586840=40,30,4,4
17847216761637399316=119,16,32,32
1823953202265949904=0,0,5,5
2203353322669625363=80,0,2,10
2726301747218140389=47,33,10,2
3671880189037224430=38,48,6,6
3769143602658977267=38,10,6,6
435271209079946392=151,16,6,32
4424784172416500074=47,29,10,2
4739255522314607611=6,10,32,6
4824275040734307531=44,30,1.000000082740371e-08,4
4869561221415369463=76,54,2,10
5123116747530431701=63,16,32,32
5327518355406780422=76,0,2,10
5335836883961590701=101,33,10,2
5663066221028122812=95,16,16,32
6351045619831521486=80,54,2,10
7356481721666049103=20,54,4,1.000000082740371e-08
806528868701445527=95,48,16,16
8076582604877209037=95,0,16,16
8539533005194289103=6,16,32,32
8605147575721487137=113,10,6,6
9180283005746644162=113,16,6,32
9814176944317611072=20,10,4,4
9881043751235190768=151,48,6,6
9956902212432982858=20,10,4,9.99999905104687e-09
Invalidelements=1107067129,2441042236,606101109,3363273607,3045852596,4075885473,2601236588,1611145926,587464194,1521682106,4183803014,2952310063,2423747815,3399032886,2082506355,2029463429,1096494969,3682883952,1436674659,1981195809
LastModified=1723016298
NaturalSize=157,64

[/usr/share/plasma/desktoptheme/default/solid/widgets/tooltip.svgz]
10944300950669674561=38,16,6,32
11626383913650960201=63,48,32,16
12106278915569645476=20,10,4,4
1288933137358306846=20,50,4,4
12903625559616511144=63,0,32,16
13157179514890870176=0,16,6,32
1386973404096648277=76,0,2,10
14086083134356048640=44,30,1.000000082740371e-08,4
15312193105711502225=47,29,10,2
164269787578367527=47,33,10,2
166634312083864099=63,16,32,32
170696439324561246=20,10,4,9.99999905104687e-09
3097103907936455905=6,10,32,6
3906200428940539344=101,33,10,2
4155006887200176851=95,16,16,32
519445287945675239=0,30,4,4
6238566630846916903=20,54,4,1.000000082740371e-08
652782340446736769=76,54,2,10
7028043268510238113=80,54,2,10
7303741459163823696=80,0,2,10
7437333007749641941=47,16,16,32
8054162424557899617=0,0,5,5
8193449309158285354=40,30,4,4
9137125300545308481=101,29,10,2
9269429067428000815=6,48,32,6
9276379010836855961=0,30,9.9999999e-09,4
Invalidelements=1168326894,2530730540,4023385575,2871280915,2089385008,1559393531,943526988,3161035577
LastModified=1723016298
NaturalSize=157,64

[/usr/share/plasma/desktoptheme/default/widgets/arrows.svgz]
16463486430972684446=15.000004000000002,30.000002999999992,13.999992999999998,13.999995000000013
LastModified=1723016298
NaturalSize=44,44

[/usr/share/plasma/desktoptheme/default/widgets/background.svgz]
10122283885378434619=34,67,4,8
10908430197639955509=45.000465000000005,30.999396500000046,11.999541999999991,32.000591269239976
1391892420248688100=34,19,4,8
14333962439539668179=1,49,8,4
16529486956454151635=13.00001199313462,19,32.00045120686538,11.999400000000009
18241713928503310046=1.00000399999999,30.999396500000046,12.000001999999995,32.000591269239976
3398270833185278897=49,49,8,4
4477994521928330383=28,61,4,14
4961570903350521445=1,44.062355,14,4
5638209463701018704=13.00001200692786,63.00000000000003,32.00045319307214,11.999799999999993
7505484517688531653=43,44,14,4
8191475066253315353=5,8.625,5,4.375
897101472671336369=28,19,4,14
Invalidelements=3378750026,2171255081,3879387456,3579789231
LastModified=1723016298
NaturalSize=148,148

[/usr/share/plasma/desktoptheme/default/widgets/bar_meter_horizontal.svgz]
10545635794475179164=6,0,6,6
11148268815677185632=11,6,3,3
12855424594438924641=19,10,3,3
12971735549800297117=0,2,4,4
13383495663341791232=19,14,3,3
16082739152399228770=8,14,3,3
16886605273250668425=15,6,3,3
18227037994874604491=4,14,3,3
3521451366766390135=11,10,3,3
4188573225165640186=0,6,3,3
4778310349924090374=8,6,3,3
4815391912152228173=0,14,3,3
5251603789650725880=19,6,3,3
5298914094658679101=4,6,3,3
6260060206913427699=15,10,3,3
6911565217425780381=15,14,3,3
7570911922897140590=8,10,3,3
8009219261988258578=0,10,3,3
86740410843176409=11,14,3,3
9875534378111217924=4,10,3,3
Invalidelements=263975463,518535446,3335763953,3830745213,86529458,3207523659,22052725,1880589377,1623299,1764220780,2844331750,1835369416,2574826036,1798802312,1457912937,2379554119,2771879719,4192994309,1029761037,3697171292,3995850922,574797322,3120910955,3863206884,1443182677,3940508668,2544313288,1811500647,1083942116,1729734921,745378205,1801540399,1105790843,1480298375,3394932997,1197046190,3748782471,1254522305,3972129449
LastModified=1723016298
NaturalSize=22,17

[/usr/share/plasma/desktoptheme/default/widgets/busywidget.svgz]
14224583477057353408=-3.600000010317572e-07,0,35.983334,35.98333400000001
2539461990867972330=51.329166,279.53748,5.820833700000001,5.82083369999998
6522816960431282451=58.472801,281.12497,4.233333600000002,4.23333359999998
LastModified=1723016298
NaturalSize=136,136
busywidget=4x4,6x6,4x4,6x6,

[/usr/share/plasma/desktoptheme/default/widgets/button.svgz]
10075636475218092149=263,178,5,5
10446015166296435892=174,78,6,2
1055257710448682425=244,203,18,5
10608099648543437941=190,176,2,6
10671956208985243488=203,53,8,8
10677888956597268070=190,204,2,6
10969952511311205828=174.00000000000003,100,4.999999999999972,5
11308115489040586496=190,90,2,6
11441949454914893282=263,165,7,7
11510330258208192298=264,116,4,2
12010361532993396451=203,146,7,18
12025329690570407860=182,53,18,7.999999999999993
12203248082814373402=171,53,8,8
12654743653001207735=244,127,18,5
1318514490803274450=252,204,2,4
13213366657632559415=238,192,4,2
13242279310043626363=264,192,4,2
1332388682822019952=182,146,18,18
13335909136416015013=182,176,18,5
13338702231421207841=174,184,5,18
13365316030560277572=174,116,0.0010000000000047748,2
13391080585716199871=238,178,5,5
136415160318783014=203,70,5,18
13808026900052974039=202,78,6,2
13864001229188984802=182,100,18,5
1395302153615235194=50,70,5,18
14249632907122091808=252,102,2,4
14406417022845894625=203,62,5,5
15305423740380644980=50,91,5,5
15387269873366190801=244,108,18,18
15518521624170977891=182,62,18,5
15711648113292988159=190,62,2,6
15769454469806183710=244,165,18,7
15917496152709459971=238,203,5,5
15961651837395708416=174,62,5,5
16027976588481761903=182,167,18,7
16230461360393835410=252,178,2,4
16235293269800427806=182,32,18,18
16473665870677498853=203,108,5,18
16474473428871943174=244,146,18,18
16508376635814209370=236,138,7,7
1664549236400145453=252,138,2,2
16816953915962511901=236,146,7,18
17440453801798825858=174,108,5,18
17905139802444242689=182,70,18,18
1796358393929033885=238,116,4,2
214517342439157352=182,108,18,18
2428003376900490393=263,203,5,5
2484005010275720706=174,129,5.000000000000028,5
256195410238339643=203,100,5,5.000000000000014
258808732750579317=244,184,18,18
2614799662730342457=263,145.99999618000004,7,18.00000001800001
2630236073615772239=-12,76,3.9999999000000006,4
2671308505670595754=190,136,2,2
2803656431245618979=174,176,5,5
2803656929837852636=58,91,18,5
2917601365788815675=79,70,5,18
2970563174728851635=190,172,2,2
3002146259492817708=-12,192,3.9999999000000006,4
3048413504931190545=182,136,18,7
317946414523152684=252,128,2,4
3286672337059269303=203,21,8,8
3430316828068684382=203.000000001,176,5,5
3507457294644433155=190,134,2,0.0010000000000047748
3587333974586444095=58,62,18,5
3590131832160115587=238,108,5,18
3761140682417393734=238,184,5,18
3764074861329466740=203,91,5,5
393592913312064949=203,129,5,5
4076703482495377879=172,146,7,18
425604254816416952=79,91,5,5
4353213924603775702=50,62,5,5
4512782516983547698=262.99999999999994,127,5.000000000000057,5
4686941107580331891=244,178,18,5
4841595075061556312=203,31.999998912499997,8,18.000001718478302
4919511620522237967=236,165,7,7
4937171566354411789=79,62,5,5
4970620611157796650=203,184,5,18
5143864687931523495=182,205,18,5
5193874685653356312=238,102,5,5
5422269844720059707=174,192,6,2
5423536465156667198=182,21,18,8
5520405292316729863=182,184,18,18
5695895737571037060=182,91,18,5
578586197384611793=174,91,5,5
5895517822946589445=190,21,2,3
5976393860931441223=268,154,2,2
6108951084529239005=238,127,5.000000000000028,5
6418364113983622149=208,154,2,2
659597840320253029=174,70,5,18
7398675500768606705=171,21,8,8
7418472095308825967=171,40,3,2
7787431256643430968=172,167,7,7
7822882457012257250=202.99999999800002,204.99999999800002,5,5
7949083832616117166=172,136,7,7
8028768279773168180=171,32,8,18
8119916777857878956=174,205,5,5
8174877491434780480=263,138,7,7
8260628621232006080=172,154,2,2
8594876587967703703=263,102,5,5
8605606053077267531=182,129,18,5
8937258297212197203=190,58,2,3
8967055071779460461=252,170,2,2
9262456300993108571=203,167.00000000051,7,7
9269042583429984368=244,102,18,5
9293414890823843779=263,108,5,18
9316501809036785312=203,136,7,7
9317035302966705343=236,154,2,2
9382940507853831885=244,138,18,7
9512793824874160414=190,100,2,0.0010000000000047748
9664988867399547231=58,70,18,18
9725395168945046228=263,184,5,18
972982695077675103=202,192,6,2
9882789865393234220=208,40,3,2
9983624638338841358=208,116,0.0010000000000047748,2
Invalidelements=3513255141,619497985,4191152577,2253230015,3967414970,1278106139,4267967798,866317416,2062999614,1105675686,2053546116,2632012580,3766220720,738588575,1867199923,287754260,47355392,2175366380,2665128166,984151101,2453937236,3346538382,1003402549,4148950760,1090424613,117062466,3464928544,4154596487,313761121,669466633,2822143326,1687300428,2340773507,2778372111,804992035,2185201720,4162156974,163198015,2304345497,1226917778,1694537881,1846814134,216946893,2882837143,3022948600,2445254779,479080333,2411158627,922096608,4259366627,3173742040,3834727316,1126028051,3691267882,313960695,1137559625,3813850604,3466625648,1929946822,423860896,1647138850,3552130346,723942733,2708654479,2296162082,1128461124,2644092717,3009854749,3112725158,857675624,4116417085,2521710727,3181337103,3569296519,3777719060,2753997942,3793209372,880084568,2788538755,1231377709,432247428,3592368054,4093373017,668841827,2479852720,2274668725,1666820375,1604595307,4129455607,2307379747,489372290,590706509,1927206930,3495619058,4103028911,3832309837,2861722762,3444019263,677566803,3096126860,640741137
LastModified=1723016298
NaturalSize=288,224

[/usr/share/plasma/desktoptheme/default/widgets/glowbar.svgz]
689808966746697489=34,34,12,12
LastModified=1723016298
NaturalSize=56,56

[/usr/share/plasma/desktoptheme/default/widgets/line.svgz]
12382099448068443138=0,0,1,1
6030492071145645314=2,0,1,1
LastModified=1723016298
NaturalSize=3,1

[/usr/share/plasma/desktoptheme/default/widgets/lineedit.svgz]
11032435474472775282=8,8,64,14
11070860936525070622=0,65.0000000001,5,5
11281060698719708946=0,44.999999999844995,5,20.00000000005
11311254741530974765=4.999995559359405,118.001,70.0000048406406,7
114508055790104023=-9.999894245993346e-10,80,5,5
11538632526944362245=0,-4,2.03293180466,2.07712602615
1157856968211016902=80,134.00100708,2,2
11649329383121606793=-0.0010000000475,94,0.0010000000475,2
11986097475974760658=4.999994477540739,40,69.9999969523904,5
1234258145592179144=40,150.00100708,2,2
12558941333446577566=-5.000018177270249e-10,84.99999999984499,5,20.000000000050008
12746044933845892631=-2,125.0000000393233,7,20.001001535676707
12758585650111881892=75.00000000040001,84.99999999984499,5,20.000000000050008
12806203729139407752=74,14,6,2
12975703213350318062=80,54,0.0010000000474974513,2
13658145867001043357=0,40,5,5
13924857090335924821=-0.0010000000475,54,0.0010000000475,2
14588021542732772104=40,24,2,6
14993847443151444788=75,65,5,5
15137930742649415369=0,0,5,5
15301109700154973612=75,25,5,5
16050926645481220609=75.00000000040001,124.999999450845,7,20.00100000005
16759346782348963436=4.999994476540735,25.000000000100002,70.00000400000945,5
1686671419850865646=75.00000000099999,0,5,5
17247367232181718180=4.999994477540739,0,69.9999969523904,5
17465396643967603402=0,25.000000000100002,5,5
17614808076432706254=4,-4,2.0329318046600005,2.07712602615
17893725839831891102=4.9999990000000025,145,70.0000039880952,7.0000009999999975
18083785694035254667=75.00000000099999,40,5,5
18089426824183791087=40,79.9990005493,2,0.0010000000474974513
2407242771002137123=40,39.9990005493,2,0.0010000000474974513
244629215740492611=8,48,64,14
273433948257160137=75,105,5,5
2775884489366894722=40,110,2,0.0010000000474974513
3035142018919627249=-2.000000001000018,145.00099945099998,7.000000000000028,7
3505827122507940523=80,94,0.0010000000474974513,2
3525490558765438840=4.999994476540735,105.0000000001,70.00000400000947,5
3699606945410233534=75.0000000011,5.000000000044999,5,20.00000000005
3843805631291419200=-9.999894245993346e-10,105.0000000001,5,5
4038091823381131596=8,128,64,13.999991999999992
4408802532007722714=-2.00099992752,134.00100708,2,2
4711589295153705490=4.999994476540735,80,70.00000400000945,5
4832561209226952157=8,88,64,14
6177054442541183093=40,70,2,0.0010000000474974513
6651992721328115442=4.999994476540735,65.0000000001,69.9999969523904,5
6911685780805964659=0,14,6,1.9999999000000006
7153862468302664230=75,145.0009994506,7.000000000000028,7
7846892925973873180=40,0,2,6
8759024864195936264=75,118.000000451,7,7
928494867930753447=40,118,2,2
9605800925223007643=75,80,5,5
9775812155566866010=0,5.000000000044999,5,20.00000000005
9908517316013625123=-2.000000001000018,118.000000451,7.000000000000028,7
9949565871506607587=75.0000000011,44.999999999844995,5,20.00000000005
Invalidelements=3357746656,3238561737,4233674103,839537722,1792690897,1610668178,3491066114,1180122658,3924797961,389120721,3841555781,3442539858,1575075597,2901867729,428393712,3704719121,3663335183,232661878,1434976303,1306774785,672990275,2163194711,932045733,584455630,3988252744,370722137,2106047526,3700791999,2781269755,2731391218,1746135190,3729331085,3662034997,158526318,1562722092,3923516670,746098424,1870099123,3187388369,531685320,262550877,3768255456,3564090675,3219112078,959900202,433396014,1836009279
LastModified=1723016298
NaturalSize=80,30

[/usr/share/plasma/desktoptheme/default/widgets/listitem.svgz]
10110290629657610955=71.00000000000001,18.38379822222222,2.000036926144631,2.0003447777777765
10139372499218275288=19.99966,7.999670222222221,11.0015284806611,2.0003447777777783
10200699590459065874=70.9997,7.3841577,2.000296888888883,11.000005300000002
10951707102450219639=30.9997,10.000015,2.0002968888888866,11.000005
11734734066327437724=35,16,6,2
12205264763923963319=31.000000000000007,20.999655222222223,2.000036926144631,2.0003447777777765
1221480078427183774=29,25,2,6
12357130328097413523=59.9997,7.3841577,10.999998999999995,11.000005300000002
12488139664087128635=57.99970222222221,7.3841427,2.0002977777777886,11.0000053
14186731408853714177=17,58,6,2
14317115897460101716=34.999964,64.00000022222221,2.000036069150859,1.9999997777777878
15323563357410802110=71.00000000000001,5.383812922222221,2.000036926144631,2.0003447777777783
15925502607317398906=10,16,6,2
17183266148824592527=19.9997,10.000015,10.999998999999999,11.000005
17241459362342318313=21.999964000000002,64.00000022222221,2.0000360691508554,1.9999997777777878
17349013619939918223=35,53.000345,2.000296888888883,11.000000000000007
17717165735404250232=-10,-10,2.0329318,2.077126
18006569137788903342=17.999623,7.999670222222221,2.000036926144638,2.0003447777777783
2023469959456375767=17.999702222222226,10,2.0002977777777744,11.000004999999998
3219037028394642381=57.999623,5.383812922222221,2.000036926144645,2.0003447777777783
4211258861763790173=24,53.000345,10.999999000000003,11.000000000000007
4238807924146712274=38,58,6,2
454488162524727850=59.99965999999999,5.383812922222221,11.001528480661094,2.0003447777777783
5914919611071394935=58,18.38379822222222,2.000036926144645,2.0003447777777765
5988862158977904983=21.999924000000004,51.00000022222222,2.0000360691508483,2.0003447777777836
632972449539538986=60,18.384143,11,2
6560493130531694276=28,44,2,6
7085175825490937968=22.000002222222214,53.00033500000001,2.000297777777785,11
7345863865684241761=20,21,11,2
7776283419694421717=34.999964,51.000345222222215,2.000036069150859,1.9999997777777807
8740299161539526445=31.000000000000007,7.999670222222221,2.000036926144631,2.0003447777777783
9450321251485102349=18,20.999655222222223,2.000036926144638,2.0003447777777765
9477514958502242817=29,67,2,6
9662584302014068169=24,64,11,2
9840975328813908942=23.999959999999998,51.00000022222222,11.00126257523478,2.0003447777777836
9853016099764602645=28,2,2,6
Invalidelements=691492348,1912867438,233337442,343256298,588586741,257704866,397457354,661099738,3403556619,3748215530,3136876869,1761431785,427576606,508666546,3793811476,2358448520,757726928,2647520024,4288961146,3001464761,2728946495,1352112645,2927307320,1327361256,4252654434,513303059,2802172538,4076899599,334664422,4018444999,221820576,2000271743,564542585,2254973657,141628695,1102774320,665849437,153545853,1341215439,4002506069,3055303079,1186114225,270730368
LastModified=1723016298
NaturalSize=128,300

[/usr/share/plasma/desktoptheme/default/widgets/margins-highlight.svgz]
12983297286738503676=1,1.0125199999999381,4,4
18436007375338556146=1,5.012520000000109,4,4
1997695216147427559=10.029290000000003,1,4,4
Invalidelements=3802903444,3485068487,4131096454,870627269
LastModified=1723016298
NaturalSize=15,10

[/usr/share/plasma/desktoptheme/default/widgets/pager.svgz]
10180189299618689318=-13,33,10,1
10699369778003267917=-13,13,10,1
11800274615043613714=-14,1.9999998,1,6.999999999999999
13348551131075253940=-3,14,1,7
15221549091439501429=-13,14,10,7
15336970130627191951=-14,26,1,7
17369318913437709779=-13,1.9999998,10,6.999999999999999
1814382817064970669=1.1607215,1.2080072,1.0000000000000002,0.9941440799999999
215304585688760714=-3,26,1,7
267782738832911339=-13,21,10,1
3078406169861053727=-13,9,10,1
3173338630642847950=-13,25,10,1
3436556648516053239=-3,1.9999998,1,6.999999999999999
411127333990204195=-13,0.99999982,10,1
6561798408814806778=-13,26,10,7
7046290212664345389=-14,14,1,7
Invalidelements=3713383735,1139176351,2375081262,3809562632,750264456,3193412308,488516311,1883000920,2376296189,3635191680,617949405,3258492603,1764026584,1803767214,3419554563,299098737,2064633622,3590423708,773495620,4042316815,2916708560,3847800258,563769818,2329405581,3667552921,3382256969,2236431818,2271651828,2949101960,4187680764,871077833,1902852264,2414513253,1570347603,2625351654,3168344566,3103409233,399567805
LastModified=1723016298
NaturalSize=50,50

[/usr/share/plasma/desktoptheme/default/widgets/panel-background.svgz]
10618668136870802514=20,54,4,1.000000082740371e-08
10633419868298777734=113,16,6,32
106782078394988547=119,16,32,32
1083191028745754351=151,48,6,6
11983379063863539325=6,48,32,6
12264108205841266071=0,30,4,4
12552976505569306375=0,48,6,6
12833641069461469778=95,48,16,16
13162623529642573867=151,16,6,32
1385125691523345713=119,10,31.999989999999997,6.000021
14051614072570753990=119,47.9999785,32.00000800000001,6.000021500000003
14873249141899264392=40,30,4,4
15459430066319716507=20,50,4,4
1700360071375612463=20,10,4,9.99999905104687e-09
17297528554213668634=48,95,8,4
17605357029883122233=19,75,32,32
17620485976399623556=63,48,32,16
18196928186640328106=113,48,6,6
18265352223107805729=44,30,1.000000082740371e-08,4
18293332191837030690=38,16,6,32
2213852027690298309=76,0,2,10
2289503684998469144=0,30,9.9999999e-09,4
2312514370464322001=0,0,5,5
2362205279658424789=101,33,10,2
2406342083740083525=63,0,32,16
2638588437370104790=0,16,6,32
2794548359677428818=47,16,16,32
3062575626569364357=38,10,6,6
3448259743397260010=47,0,16,16
3604804209225108102=6,10,32,6
4006036674104355423=151,10,6,6
4695267245931308310=20,10,4,4
6018976123385377799=95,16,16,32
6787535127779022924=76,54,2,10
6915442502315152703=38,48,6,6
7024689154488474840=39,105,4,8
7382296601700066767=95,0,16,16
7710909323446341816=38,69,4,8
8008837709173448421=12,95,8,4
8310289604441378919=113,10,6,6
8576350069453414897=6,16,32,32
8764083163400185176=47,29,10,2
8947673194473637564=0,10,6,6
9659780357423634175=47,48,16,16
Invalidelements=9186882,2624501461,2356657668,3651236813,2804556314,910025253,4255487214,3834779269,2693901198,1057369061,2299396474,3195658388,3080419651,2541053922,3685862127,2403258579,745396005,2498508928,2352360178,2489529039,3714757585,3329529829,2519702841,830980139,3643622992,187836773,3078919004,530564449,3189406306,2384638725,2316584127,864077054,99654559
LastModified=1723016298
NaturalSize=157,64

[/usr/share/plasma/desktoptheme/default/widgets/plasmoidheading.svgz]
10001861970957307809=67,44,32,6
1101052511267547803=99,6,6,6
12198742814233357969=67,12,32,32
13471582330432149530=67,6,32,6
14592165034061877333=51,44,6,6
14792594505138899350=61,12,6,32
14797318080550366475=-7,-7,5,5
15320453099251000115=61,44,6,6
15549963072035368989=51,6,6,6
16820738210370172185=99,12,6,32
18396195605753727761=61,6,6,6
2440979253638644974=19,12,32,32
2571531697752367740=13,6,6,6
520812532487415155=13,44,6,6
5473642842953244074=19,44,32,6
6788808540775321532=13,12,6,32
6806243213793494337=99,44,6,6
793276361655434490=51,12,6,32
9433149266900954943=19,6,32,6
Invalidelements=176648005,1079360343,3972970616,2023860531,3599703696,1366759825,2833704238,150161977,3355415765,1506845586,1429569218,829367558,1338757610,4245235454,2392879363,920378018,454589588,2936803065,4182825704,2055849847,383482548,3559524316,1083935772,1898424675,2796820018,3190335847
LastModified=1723016298
NaturalSize=173,56

[/usr/share/plasma/desktoptheme/default/widgets/radiobutton.svgz]
11010863722452447850=22,22,16,16
11346222765678755=40,20,20,20
1957278439209021549=2,-18,16,16
210616424943476615=39,-2,22,22
7030660352995516712=2,2,16,16
7950918769505352126=2,22,16,16
9323463192739667135=27,7,6,6
LastModified=1723016298
NaturalSize=60,40

[/usr/share/plasma/desktoptheme/default/widgets/scrollbar.svgz]
10107424665248247894=39,10,3,3
10626982929830642192=31,39,3,3
10907768254865146880=39,39,3,3
10947165251810843035=35,31,3,3
11292512695131669260=17,10,6,3
11922811524915247464=46,-2,2,2
12097143193521382576=14,14,3,3
12156668348781531102=35,17,3,6
12367766008955186916=25,10,6,3
1245779140985051437=10,17,3,6
1385035377851594350=6,14,3,3
13919425868261339449=35,35,3,3
14006545338727731355=10,14,3,3
14338975600740658281=25,35,6,3
15336394211047792157=31,6,3,3
15494143742052557168=10,0,3,6
16132037013676665375=35,0,3,6
16341611648782954343=35,39,3,3
16413533467886270586=39,6,3,3
16694183924938440551=10,6,3,3
16880206779915709250=10,10,3,3
1718735474591627828=31,14,3,3
17266451662355117613=0,10,6,3
2405610705779626158=39,14,3,3
260675554711682079=39,35,3,3
287783871242121673=31,10,3,3
2951780405074205548=35,6,3,3
3510633675596775490=35,25,3,6
35309867388384299=14,10,3,3
482297713074480727=35,42,3,6
5674878369650488471=31,35,3,3
6436721119655062827=39,31,3,3
6927044344674201606=35,10,3,3
7028284655368274676=6,6,3,3
703763800162818013=42,10,6,3
7325862010431632998=35,14,3,3
7431178885188844346=6,10,3,3
8491066981497052491=31,31,3,3
8722563824598147041=42,35,6,3
9042438876317256642=14,6,3,3
9269488266878468578=52,4,6,6
9313334997489148481=-32.8756103516,46.7764358521,2,2
Invalidelements=2893581522,3087937683,1831585009,3578064712,3087456662,1528729645,3106357432,902187337,4083244902,1843181693,3923301668,4003630805,2693373404,2987348858,2270983455,1137438253,826137454,4037916890,229635515,970216747,3071457541,292930727,3300654210,1729728183,4140024543,1687694761,1605021840,583262337,3814755097,3780210010,1776398688
LastModified=1723016298
NaturalSize=48,48

[/usr/share/plasma/desktoptheme/default/widgets/slider.svgz]
10308246107184913595=11,15,3,3
10558117048773490150=7,7,3,3
1083156776095110480=7,32,3,3
11058576230887161805=7,32,3,3
12215168065577220588=15,7,3,3
12601481530896707291=15,36,3,3
12704463155837039087=40,100.000001,20,19.999999000000003
12775914937617023571=11,32,3,3
12873313608630226942=11,7,3,3
1351655621420881643=7,11,3,3
14342342130744939135=42,6,20,20
14580324474939924613=15,11,3,3
14879595365070905979=7,40,3,3
14987831375203687399=11,36,3,3
15627938217675417357=6.999999999967999,99.99999999956,19.999999999920007,19.999999999919993
15907562519514793745=15,36,3,3
1634393119407063292=15,32,3,3
16813288624372602222=15,32,3,3
17012892902010377336=7,15,3,3
17831264236045798144=15,15,3,3
1951910867778280327=7,40,3,3
2309410141665833843=11,40,3,3
2690954685014293196=15,40,3,3
2806340294696509976=95,97,26,26
328962564091433694=11,32,3,3
3509304454714828847=7,36,3,3
3866283373467816170=7,36,3,3
5148868244485837575=15,40,3,3
6601114249955904536=11,36,3,3
734021707547145330=11,11,3,3
7958007370379860395=11,40,3,3
7977354054665410869=66,98,24,24
8277506404966158249=2.2599621,4.6594176,2.0329318,2.077126
8697780656685227947=2.2599621,4.6594176,2.0329318,2.077126
Invalidelements=837566577,2923589555,3612878668,1449951799,1810884007,3691561461,881732828,2827577409,4120682817,2556552006,2774432386,1823660770,536746498,355671822,3238009894,1326486694,3996425037,3368398775,3830018409,982780970,312490265,3282170846,3498314862,1068731387,433623796,3665270086,750516205,276352764,3086550621,2785828242,3149371177,3081207068,2572191465,1738712420,3803525693,3610127982,984455801,1842447263,864023939,1948089138,1170553223,3599854788,1159676726,2767905959,1094032433,2233489100,2092052153,551420098,2873882990,2557162765,3194446764,1682042566,121856343,490122113,813873264,3015641535,2195700448,2851173255,3128074349,3667064397,4062225774,2274301136,3000685792,2422757923,2577997595,3527860581
LastModified=1723016298
NaturalSize=128,128

[/usr/share/plasma/desktoptheme/default/widgets/switch.svgz]
10427436203737555806=19.000000149999998,-9.999999761589606e-08,7.999999949999999,16.000000199999995
11478137626174235943=1,36,22,22
13032316013500731264=70.3846155,33.384614699999986,28.000000599999993,28.000000600000007
14939126109660032994=5.999999900000002,-9.999999761589606e-08,8.000000049999999,16.000000199999995
15088139243390247390=43.00000015,0.009999900000002171,7.999999949999996,15.990000199999995
16157359516594856835=7,18,38,16
18188139078217917666=24,36,22,22
2330900214980161368=0,7.0100002,4,4
2411877110844696751=14,-9.999999761589606e-08,5,16.000000199999995
5571196639716006340=52,8,26,26
5631223814158372501=29.999999900000002,0.009999900000002171,7.999999949999999,15.990000199999995
6008003150991147932=38,0.009999900000002171,5,15.990000199999995
Invalidelements=2535515062,2507320874,3000789063,177564230,1252282995,925887602,3766111532,1046394415,1520668065,1111402444,1281977436,3412285500,3430762497,1689084675,1998168154,2924050836,1235965054,3188804167,481678462,1666776609,3276515658,2787507971,1627175617,3522165813,2027754888,2690168633,2757832879,1609929564,3139036353,3195782390,3115296706,1852142433,3440731213,1963187498,1977822541,58233415,2158974855,2928244336,796479824,1467816712,2231616465,4175617911,2269933907,1712294911,2265424949,3189919148,862916164,2658088633,2279854651,3021148161,3567692741
LastModified=1723016298
NaturalSize=51,59

[/usr/share/plasma/desktoptheme/default/widgets/tabbar.svgz]
10248269605989032636=363,210.36218,10,4
10294700471912039835=266.00001,431.36216,10,3.0000051999999755
1055940506346100971=273,210.36218,10,4
10665616432979336940=273,227.36217000000002,10,3.0000051999999755
11137214389268802374=360,437.36215,6,5
12488734516721333337=356,446.36215,10,4
12955833082817324023=313.758758545,220.362182617,5,10
13682013849922440463=320.241241455,431.3621521,5,10
13846835101184232843=356,431.36216,10.000009999999975,3.0000051999999755
14691288866985818066=313.758758545,210.362182617,5,10
14912819544276747827=356,434.36215,10,12
15532562300213696220=320.241241455,446.3621521,5,10
15735751171931275346=276,446.36215,80,4
15853821638358907086=-233.82362,467.12659,41.362885000000006,41.12067000000002
15892482499253006446=367,218.36218,6,5
17216146403951173046=283,210.36218,80,4
17306197661339757929=266,434.36215,10,12
18367084867114286781=276.00001,431.36216,80,3
3416116825827678732=273,218.36218,6,5
3801413470769153642=273,214.36218,10,12
4249785787781583705=276,434.36215,80,12
6360575179904633854=363,214.36218,10,12
6455722879796930777=363,227.36218,10,3.000005200000004
9039854438920600776=266,446.36215,10,4
9167007977842674538=283,214.362182617,80,20
9171897082972671418=266,437.36215,6,5
9884998440240200400=283,227.36217000000002,80,3
Invalidelements=1334142229,1865352231,3265711792,896283244,1158573035,2778632971,213258855,3538584429,2318598745,593098067,496974585,1380127332,3348196220,1541256650,726936501,1837991024,2588627158,2998299698,2613045340,4048312588,2798423999,1992499568,1262093560,2790997108,2464721566,3720549778,3379846322,63959104,3361870705,3420112922,120111696,2583192307,1748166323
LastModified=1723016298
NaturalSize=744,1052

[/usr/share/plasma/desktoptheme/default/widgets/tasks.svgz]
10096439244961850614=31,121.999997,4,3
1014769217115361689=31,38,4,3
10191010416186211459=5,106,26,2.999988000000002
1062443225082773407=1,37.999999,4,3
10674385736475422494=5,63.999998000000005,26,3
11625906702961339302=31,79.999995,4,3
11782429540796078138=5,100.999993,26,3
11984355002367633669=1,106,4,2.999989999999997
12151347914737175805=5,121.999992,26,3
12474682122402665108=1,79.999994,4,3
12512197286534388913=5,79.999993,26,3
13010775802141926424=31,58.999999,4,3
13233258953817280288=5,37.999998,26,3
13829461684920369488=31,84.999995,4,2.999989999999997
14184948972994823982=1,66.999994,4,13
14267830301583633166=31,24.999997999999998,4,13
14827698528174711691=4.9999998,24.999999000000003,25.99999992,13
1505250698532921150=16,58,4,4
15843390030730002798=30,51,4,4
15978313814737872681=4.9999998,66.999994,25.99999992,13
1617829598027497469=5,42.999998000000005,26,3
16513559518301460334=1,100.999994,4,3
16522290632836081218=31,87.999993,4,13
16607973007659295051=31,42.99999880000001,4,3.0000003999999976
16820357945712249909=5,85,26,3
170118168234516629=1,109,4,13
1748890703170778972=31,21.9999995,4,2.999998999999999
18027241409935085889=4.9999998,45.999998,25.99999992,13
18412911823752732459=1,45.999998000000005,4,13
2010851170443987045=1,58.999998,4,3
2208934269253144507=31,100.999995,4,3
3812096467296281919=31,108.999992,4,13
4673244697936430319=31,66.999993,4,13
4981965456113219579=1,22,4,3
5881643716130390363=31,106,4,2.999989999999997
5938471236701385279=31,63.999994,4,2.999994000000001
5958133502215735870=31,45.999997,4,13
6600748339275441375=1,85,4,2.999989999999997
6668180627536798989=5,58.999997,26,3
6785016578308717153=4.9999998,87.999994,25.99999992,13.000000000000014
7000745769833539822=16,43,4,4
7095586880113128667=5,21.999999000000003,26,3.000001000000001
7195923356322539145=155.99999540000002,92.00000024444182,10.999999799999983,10.999999800005142
7333733695935496937=4.9999998,108.99999,25.99999992,13
7914431372286385373=1,43.0000012,4,3.0000003999999976
8189103648953296360=1,25,4,13
8357788190581812549=1,121.99999,4,3
926738895312388715=2,51,4,4
9526278351051415376=1,64.000002,4,2.999994000000001
9923792726398238235=1,87.99999,4,13
Invalidelements=3069007489,3360648130,324141790,4270446233,2089213379,3585662111,1008138469,2398936954,2773390981,698657281,2968134455,445580752,2499455109,2778389509,2935862483,1339956942,1107080542,3615308897,189742591,3359809291,696137028,2602342983,3422044951,1662165986,841563468,1992304150,273665660,3594302829,1930305467,3515429958,3260467341,3766778604,1977634447,1625662822,573156517,1585021605,3168579396,3090994996,3304312222,749159301,3631094354,1478872118,1451854121,3635813510,906825177,1111860155,2783119943,3893464910,41287345,1718229668,2781615809,2816986011,3439724571,456283103,457635747,102454812,2301308003,2509938666,3537358973,429675263,3203628119,2871772870,2477738744,3494454062,3304687961,2409948169,3209521706,3073658616,3690663009,1771411136,413737238,4116079932,21140512,3380173772,4034532736,328339295,1959367622,542286803,3920360929,3075872549,1562910260,2748483613,1957804563,1261469846,1906626954,775174626,2256593776,2310342539,1199785932,2559690491,3825723709,322108282,3541828526
LastModified=1723016298
NaturalSize=144,126

[/usr/share/plasma/desktoptheme/default/widgets/tooltip.svgz]
10665615440964211175=113,48,6,6
11296145028132940213=40,30,4,4
11395300551272794399=0,30,9.9999999e-09,4
1168644840397777602=47,16,16,32
12418535400821597794=95,0,16,16
12526504026002105598=0,10,6,6
14631196073567936292=0,16,6,32
15260317094731183471=38,16,6,32
15358065074358673384=20,50,4,4
15698942366528228328=0,30,4,4
17264056532658612371=6,10,32,6
17330775565962014639=6,48,32,6
17335665679119031394=38,10,6,6
17450619056954242467=95,48,16,16
17697009464203896352=47,0,16,16
17884275998865379244=47,29,10,2
18306781834388237856=63,48,32,16
3176319879695259730=20,10,4,9.99999905104687e-09
3932626430300920958=0,0,5,5
3985236612471206622=151,16,6,32
4063048759514365694=6,16,32,32
4111182966401152594=44,30,1.000000082740371e-08,4
4143583780850489996=119,47.9999785,32.00000800000001,6.000021500000003
421421026593873888=63,16,32,32
425607968026880918=101,29,10,2
4532934670087404953=47,48,16,16
4595846422198216338=47,33,10,2
5578057372873504741=113,10,6,6
5713851614995669668=80,0,2,10
5751692879475162207=63,0,32,16
6032859908699901887=119,16,32,32
6532252917932152503=80,54,2,10
6735196297362629893=20,54,4,1.000000082740371e-08
6904322912918622407=151,10,6,6
6961291722054523325=119,10,31.999989999999997,6.000021
7275458496557243360=20,10,4,4
7383348575364911419=95,16,16,32
8096804334359511713=151,48,6,6
8224763307362012422=76,0,2,10
838544732555430777=38,48,6,6
8824536653143271652=76,54,2,10
8917475686618493326=113,16,6,32
9346587964131553058=101,33,10,2
9472567758601926588=0,48,6,6
Invalidelements=240512128,1845213577,3141904144,1151959300,2675980904,1734037757,1661066383,2795172935,1761697266,2142526287,1263476578,3752505349,853712489,1375301463,119254165
LastModified=1723016298
NaturalSize=157,64

[/usr/share/plasma/desktoptheme/default/widgets/translucentbackground.svgz]
13786712368211758589=44.9999847,25.999969999999962,6.000015300000001,4
14206266757329572088=0,-3.000000003794412e-05,5,5
15286506466226438734=19.000004,11.999969999999962,32,32
15480789725287960875=33,-3.000000003794412e-05,4,9.999999974752427e-07
1550722535740645383=18.999985000000002,43.99996999999996,32,6
17007913886545233839=50.999985,11.999969999999962,5.999999500000001,32
17829974402187901447=51,43.99996999999996,6,6
2261360259819303953=13.0000045,11.999969999999962,5.999999500000001,32
3870885106628054841=33,11.999969999999962,4,6.000024800000006
5446170813595902555=13.000003000000001,25.999969999999962,9.999999992515995e-07,4
5784784599392238620=51,5.999969999999962,6,6
6075422078319810996=19.000000200000002,25.999969999999962,6.000003799999998,4
6600347844965174645=13,43.99996999999996,6,6
7089104274672894688=62.999999,25.999969999999962,9.999999974752427e-07,4
7573909343100046564=18.999985000000002,5.999969999999962,32,6
8018452782477978586=13,5.999969999999962,6,6
8411225426282579105=33,37.99996999999996,4,5.999975199999994
93929307081497783=33,49.99996999999996,4,9.999999974752427e-07
Invalidelements=1288082723,3894462064,2839706673,1891699174
LastModified=1723016298
NaturalSize=121,56

[/usr/share/plasma/desktoptheme/default/widgets/viewitem.svgz]
10092361199501077943=146,94.00001201887517,5,45.99999006457483
10530056887020844048=128,16,46,46
11158063309389804247=41,89,5,5
11998937781972227664=92,140,5,5
1288662327969810068=92.00000000000006,89,5,5
12994899229322793918=197,139.99999999999977,4.999999999999943,5.000000000000114
15160878017950260767=127.99999835589199,62.000001838628805,46.00000051134879,5.000000399871965
15266317048702149069=92.00000000000006,94.0000013150609,5,46.000016066661374
15504885643779635459=146,89,5,5
17543366171302785090=41,140,5,5
281176634010928104=127.999999970142,11.000028081746905,45.99999843089921,5.00000025164195
4121081318105364234=122.99998900407996,16.00000712040037,4.999999828570566,45.99999906752248
4278424653343433008=197,93.9999913147717,5.000009999999975,46.000016066661374
4378988362881373393=197,89,5,5
4463637542471603440=173.9999809521609,16.00006545878432,4.999999917600576,45.99999666264239
5555162569792585168=151.0000001345632,140.0000000000001,46.00000051134879,5
7328408055890898606=146,139.9999999999999,5,4.999999999999886
7846707466393453483=49.928560000000004,-90.32326999999998,40,40
786885268089361118=151.0000006322024,89,45.99999317980803,5
7877353151328003565=151,94,46,46
8666793845280416922=46.00000085385358,89,46.021998799519196,5
909733645317939726=46.000001134563206,139.9999999999999,46.00000051134879,5
9388964334191846438=46,94,46,46
9506328977860944459=41,93.99999217607524,5,46.0000200743998
Invalidelements=1475659132,203172469,495108240,153850756,1099971169,1732486565,622895563,2265453780,1666124722,3486135356,1092722847,4218954040,2555857037,4167081858,1762400481,856472509,1437846831,131880690,4217176055,2924208534,1169433880,3440646555,4087974264,2251609289,1063892661,1062935155,1958292839,1258460459,3076693420,3424128569,1019580890,4098644673,3623671171,2409478331,2177135582,4218183180,362989783,750047487,1382392591,1615058481,663992624,753646170,416369237,2687284184,3326778719,2559881728,3103935144,4068739352,2626418821,1126156313,93439399
LastModified=1723016298
NaturalSize=257,161
